function [data7] = Nuclides8(m3)
  % initialize data
  kg = zeros(137,256+137);
  kg0 = zeros(1,137);
  kg1 = kg0;
  kg2 = kg0;
  % big bang abundances
  kg(1,1) = 731800;
  kg(2,4) = 248500;
  kg(1,2) = 26.4*2;
  kg(2,3) = 10.3*3;
  % elemental abundances
  kg0(8) = 10400;
  kg0(6) = 4600;
  kg0(10) = 1340;
  kg0(26) = 1090;
  kg0(7) = 960;
  kg0(14) = 650;
  kg0(12) = 580;
  kg0(16) = 440;
  % universe elemental abundances
  kg1(20) = 70;
  kg1(28) = 60;
  kg1(13) = 50;
  kg1(11) = 20;
  kg1(24) = 15;
  kg1(25) = 8;
  kg1(15) = 7;
  kg1(19) = 3;
  kg1(22) = 3;
  kg1(27) = 3;
  kg1(17) = 1;
  kg1(23) = 1;
  kg1(9) = 0.4;
  kg1(30) = 0.3;
  kg1(32) = 0.2;
  kg1(29) = 6/100;
  kg1(40) = 5/100;
  kg1(38) = 4/100;
  kg1(34) = 3/100;
  kg1(21) = 3/100;
  kg1(82) = 1/100;
  kg1(60) = 1/100;
  kg1(58) = 1/100;
  kg1(56) = 1/100;
  kg1(37) = 1/100;
  kg1(31) = 1/100;
  kg1(52) = 9/1000;
  kg1(33) = 8/1000;
  kg1(39) = 7/1000;
  kg1(35) = 7/1000;
  kg1(3) = 6/1000;
  kg1(78) = 5/1000;
  kg1(62) = 5/1000;
  kg1(42) = 5/1000;
  kg1(50) = 4/1000;
  kg1(44) = 4/1000;
  kg1(76) = 3/1000;
  kg1(77) = 2/1000;
  kg1(70) = 2/1000;
  kg1(68) = 2/1000;
  kg1(66) = 2/1000;
  kg1(64) = 2/1000;
  kg1(59) = 2/1000;
  kg1(57) = 2/1000;
  kg1(48) = 2/1000;
  kg1(46) = 2/1000;
  kg1(41) = 2/1000;
  kg1(80) = 1/1000;
  kg1(53) = 1/1000;
  kg1(5) = 1/1000;
  kg1(4) = 1/1000;
  kg1(55) = 8/10000;
  kg1(83) = 7/10000;
  kg1(72) = 7/10000;
  kg1(79) = 6/10000;
  kg1(47) = 6/10000;
  kg1(45) = 6/10000;
  kg1(81) = 5/10000;
  kg1(74) = 5/10000;
  kg1(67) = 5/10000;
  kg1(65) = 5/10000;
  kg1(63) = 5/10000;
  kg1(90) = 4/10000;
  kg1(51) = 4/10000;
  kg1(49) = 3/10000;
  kg1(92) = 2/10000;
  kg1(75) = 2/10000;
  kg1(71) = 1/10000;
  kg1(69) = 1/10000;
  kg1(73) = 8/100000;
  % meteorite elemental abundances
  kg2(1) = 2.4/0.02;
  kg2(3) = 0.00017;
  kg2(4) = 2.9/10^6;
  kg2(5) = 0.00016;
  kg2(6) = 1.5/0.2;
  kg2(7) = 0.14/0.2;
  kg2(8) = 40/10;
  kg2(9) = 0.0087;
  kg2(11) = 0.55;
  kg2(12) = 12/10;
  kg2(13) = 0.9;
  kg2(14) = 14/10;
  kg2(15) = 0.11;
  kg2(16) = 4/10;
  kg2(17) = 0.037;
  kg2(19) = 0.07;
  kg2(20) = 1.1;
  kg2(21) = 0.00064;
  kg2(22) = 0.054;
  kg2(23) = 0.0061;
  kg2(24) = 0.3;
  kg2(25) = 0.27;
  kg2(26) = 22/10;
  kg2(27) = 0.059;
  kg2(28) = 1.3;
  kg2(29) = 0.011;
  kg2(30) = 0.018;
  kg2(31) = 0.00076;
  kg2(32) = 0.0021;
  kg2(33) = 0.00018;
  kg2(34) = 0.0013;
  kg2(35) = 0.00012;
  kg2(37) = 0.00032;
  kg2(38) = 0.00086;
  kg2(39) = 0.00019;
  kg2(40) = 0.00066;
  kg2(41) = 0.000019;
  kg2(42) = 0.00012;
  kg2(44) = 0.000081;
  kg2(45) = 0.000018;
  kg2(46) = 0.000065;
  kg2(47) = 0.000014;
  kg2(48) = 0.000044;
  kg2(49) = 4.4/10^6;
  kg2(50) = 0.00012;
  kg2(51) = 0.000012;
  kg2(52) = 0.00021;
  kg2(53) = 0.000025;
  kg2(55) = 0.000014;
  kg2(56) = 0.00027;
  kg2(57) = 0.000028;
  kg2(58) = 0.000075;
  kg2(59) = 9.9/10^6;
  kg2(60) = 0.00005;
  kg2(62) = 0.000017;
  kg2(63) = 5.9/10^6;
  kg2(64) = 0.000023;
  kg2(65) = 3.9/10^6;
  kg2(66) = 0.000027;
  kg2(67) = 5.9/10^6;
  kg2(68) = 0.000018;
  kg2(69) = 2.9/10^6;
  kg2(70) = 0.000018;
  kg2(71) = 2.9/10^6;
  kg2(72) = 0.000017;
  kg2(73) = 2/10^6;
  kg2(74) = 0.000012;
  kg2(75) = 4.9/10^6;
  kg2(76) = 0.000065;
  kg2(77) = 0.000054;
  kg2(78) = 0.000098;
  kg2(79) = 0.000017;
  kg2(80) = 0.000025;
  kg2(81) = 7.9/10^6;
  kg2(82) = 0.00014;
  kg2(83) = 6.9/10^6;
  kg2(90) = 3.9/10^6;
  kg2(92) = 9.8/10^7;
  % total elements meteorite and universe
  kg1 = kg1+kg0;
  kg2 = kg2*50;
  kg3 = kg1+kg2/10;
  % noble gas elements
  kg3(18) = 200;
  kg3(36) = 0.04;
  kg3(54) = 0.01;
  % total elements combined with most abundant elements
  kg0 = kg3;
  kg0(1) = kg0(1) + kg(1,1) + kg(1,2) + kg(1,3);
  kg0(2) = kg0(2) + kg(2,3) + kg(2,4);
  % normalize the abundances
  #####kg0 = kg0' ;%/ sum(kg0');
  %kg0(1) = kg0(1)+(10^6)-sum(kg0');
  %disp(kg0)

  % big bang isotopic abundances
##
##  isotot_1 =  (kg(1,1) + kg(1,2))/100;
##  isotot_2 =  (kg(2,3) + kg(2,4))/100;
##  
##  iso(1,1) = kg(1,1)/isotot_1;
##  iso(1,2) = kg(1,2)/isotot_1;
##  iso(2,3) = kg(2,3)/isotot_2;
##  iso(2,4) = kg(2,4)/isotot_2;
##  

  % isotopic abundances
  iso = zeros(137,256+137);

  iso(3,6) = 7.59;
  iso(3,7) = 92.41;
  iso(4,9) = 100;
  iso(5,10) = 19.9;
  iso(5,11) = 80.1;
  iso(6,12) = 98.93;
  iso(6,13) = 1.07;
  iso(7,14) = 99.632;
  iso(7,15) = 0.368;
  iso(8,16) = 99.757;
  iso(8,17) = 0.038;
  iso(8,18) = 0.205;
  iso(9,19) = 100;

  iso(11,23) = 100;
  iso(12,24) = 78.99;
  iso(12,25) = 10;
  iso(12,26) = 11.01;
  iso(13,27) = 100;
  iso(14,28) = 92.2297;
  iso(14,29) = 4.6832;
  iso(14,30) = 3.0872;
  iso(15,31) = 100;
  iso(16,32) = 94.93;
  iso(16,33) = 0.76;
  iso(16,34) = 4.29;
  iso(16,36) = 0.02;
  iso(17,35) = 75.78;
  iso(17,37) = 24.22;

  iso(19,39) = 93.2581;
  iso(19,40) = 0.0117;
  iso(19,41) = 6.7302;
  iso(20,40) = 96.941;
  iso(20,42) = 0.647;
  iso(20,43) = 0.135;
  iso(20,44) = 2.086;
  iso(20,46) = 0.004;
  iso(20,48) = 0.187;
  iso(21,45) = 100;
  iso(22,46) = 8.25;
  iso(22,47) = 7.44;
  iso(22,48) = 73.72;
  iso(22,49) = 5.41;
  iso(22,50) = 5.18;
  iso(23,50) = 0.25;
  iso(23,51) = 99.75;
  iso(24,50) = 4.345;
  iso(24,52) = 83.789;
  iso(24,53) = 9.501;
  iso(24,54) = 2.365;
  iso(25,55) = 100;
  iso(26,54) = 5.845;
  iso(26,56) = 91.754;
  iso(26,57) = 2.119;
  iso(26,58) = 0.282;
  iso(27,59) = 100;
  iso(28,58) = 68.0769;
  iso(28,60) = 26.2231;
  iso(28,61) = 1.1399;
  iso(28,62) = 3.6345;
  iso(28,64) = 0.9256;
  iso(29,63) = 69.17;
  iso(29,65) = 30.83;
  iso(30,64) = 48.63;
  iso(30,66) = 27.9;
  iso(30,67) = 4.1;
  iso(30,68) = 18.75;
  iso(30,70) = 0.62;
  iso(31,69) = 60.108;
  iso(31,71) = 39.892;
  iso(32,70) = 20.84;
  iso(32,72) = 27.54;
  iso(32,73) = 7.73;
  iso(32,74) = 36.28;
  iso(32,76) = 7.61;
  iso(33,75) = 100;
  iso(34,74) = 0.89;
  iso(34,76) = 9.37;
  iso(34,77) = 7.63;
  iso(34,78) = 23.77;
  iso(34,80) = 49.61;
  iso(34,82) = 8.73;
  iso(35,79) = 50.69;
  iso(35,81) = 49.31;

  iso(37,85) = 72.17;
  iso(37,87) = 27.83;
  iso(38,84) = 0.56;
  iso(38,86) = 9.86;
  iso(38,87) = 7;
  iso(38,88) = 82.58;
  iso(39,89) = 100;
  iso(40,90) = 51.45;
  iso(40,91) = 11.22;
  iso(40,92) = 17.15;
  iso(40,94) = 17.38;
  iso(40,96) = 2.8;
  iso(41,93) = 100;
  iso(42,92) = 14.84;
  iso(42,94) = 9.25;
  iso(42,95) = 15.92;
  iso(42,96) = 16.68;
  iso(42,97) = 9.55;
  iso(42,98) = 24.13;
  iso(42,100) = 9.63;
  iso(44,96) = 5.54;
  iso(44,98) = 1.87;
  iso(44,99) = 12.76;
  iso(44,100) = 12.6;
  iso(44,101) = 17.06;
  iso(44,102) = 31.55;
  iso(44,104) = 18.62;
  iso(45,103) = 100;
  iso(46,102) = 1.02;
  iso(46,104) = 11.14;
  iso(46,105) = 22.33;
  iso(46,106) = 27.33;
  iso(46,108) = 26.46;
  iso(46,110) = 11.72;
  iso(47,107) = 51.839;
  iso(47,109) = 48.161;
  iso(48,106) = 1.25;
  iso(48,108) = 0.89;
  iso(48,110) = 12.49;
  iso(48,111) = 12.8;
  iso(48,112) = 24.13;
  iso(48,113) = 12.22;
  iso(48,114) = 28.73;
  iso(48,116) = 7.49;
  iso(49,113) = 4.29;
  iso(49,115) = 95.71;
  iso(50,112) = 0.97;
  iso(50,114) = 0.66;
  iso(50,115) = 0.34;
  iso(50,116) = 14.54;
  iso(50,117) = 7.68;
  iso(50,118) = 24.22;
  iso(50,119) = 8.59;
  iso(50,120) = 32.58;
  iso(50,122) = 4.63;
  iso(50,124) = 5.79;
  iso(51,121) = 57.21;
  iso(51,123) = 42.79;
  iso(52,120) = 0.09;
  iso(52,122) = 2.55;
  iso(52,123) = 0.89;
  iso(52,124) = 4.74;
  iso(52,125) = 7.07;
  iso(52,126) = 18.84;
  iso(52,128) = 31.74;
  iso(52,130) = 34.08;
  iso(53,127) = 100;

  iso(55,133) = 100;
  iso(56,130) = 0.106;
  iso(56,132) = 0.101;
  iso(56,134) = 2.417;
  iso(56,135) = 6.592;
  iso(56,136) = 7.854;
  iso(56,137) = 11.232;
  iso(56,138) = 71.698;
  iso(57,138) = 0.09;
  iso(57,139) = 99.91;
  iso(58,136) = 0.185;
  iso(58,138) = 0.251;
  iso(58,140) = 88.45;
  iso(58,142) = 11.114;
  iso(59,141) = 100;
  iso(60,142) = 27.2;
  iso(60,143) = 12.2;
  iso(60,144) = 23.8;
  iso(60,145) = 8.3;
  iso(60,146) = 17.2;
  iso(60,148) = 5.7;
  iso(60,150) = 5.6;
  iso(62,144) = 3.07;
  iso(62,147) = 14.99;
